image: robo_0516.pgm
resolution: 0.100000
origin: [-175.000000, -54.250000, 0.000000]
negate: 0
occupied_thresh: 0.65
free_thresh: 0.196

