# D = [0.02651972337499041, -0.030432511711490993, 0.0021725334643311633, 0.0021786700896342594, 0.0]
# K = [604.0797877282553, 0.0, 642.5540732199647, 0.0, 606.9256895690638, 382.8585636992555, 0.0, 0.0, 1.0]
# R = [1.0, 0.0, 0.0, 0.0, 1.0, 0.0, 0.0, 0.0, 1.0]
# P = [598.1679077148438, 0.0, 647.891467877409, 0.0, 0.0, 611.1818237304688, 384.56273243813484, 0.0, 0.0, 0.0, 1.0, 0.0]
# # None
# # oST version 5.0 parameters


# [image]

# width
# 1280

# height
# 720

# [narrow_stereo/left]

# camera matrix
# 604.079788 0.000000 642.554073
# 0.000000 606.925690 382.858564
# 0.000000 0.000000 1.000000

# distortion
# 0.026520 -0.030433 0.002173 0.002179 0.000000

# rectification
# 1.000000 0.000000 0.000000
# 0.000000 1.000000 0.000000
# 0.000000 0.000000 1.000000

# projection
# 598.167908 0.000000 647.891468 0.000000
# 0.000000 611.181824 384.562732 0.000000
# 0.000000 0.000000 1.000000 0.000000

image_width: 1280
image_height: 720
camera_name: head_camera
camera_matrix:
  rows: 3
  cols: 3
  data: [604.079788, 0.000000, 642.554073, 0.000000, 606.925690, 382.858564, 0, 0, 1]
distortion_model: plumb_bob
distortion_coefficients:
  rows: 1
  cols: 5
  data: [0.026520, -0.030433, 0.002173, 0.002179, 0.000000]
rectification_matrix:
  rows: 3
  cols: 3
  data: [1, 0, 0, 0, 1, 0, 0, 0, 1]
projection_matrix:
  rows: 3
  cols: 4
  data: [598.167908, 0.000000, 647.891468, 0, 0.000000, 611.181824, 384.562732, 0, 0, 0, 1, 0]