# ('D = ', [0.06935417779348896, -0.11074423326552309, 0.0008161677776188841, 0.005052674742745354, 0.04251642422429643])
# ('K = ', [928.4465238727003, 0.0, 975.3926817479119, 0.0, 983.7907545129534, 514.5830279415519, 0.0, 0.0, 1.0])
# ('R = ', [1.0, 0.0, 0.0, 0.0, 1.0, 0.0, 0.0, 0.0, 1.0])
# ('P = ', [927.0474243164062, 0.0, 991.9206793391277, 0.0, 0.0, 1000.4984741210938, 515.3023201425713, 0.0, 0.0, 0.0, 1.0, 0.0])
# # oST version 5.0 parameters


# [image]

# width
# 1920

# height
# 1080

# [autoware_camera_calibration]

# camera matrix
# 928.446524 0.000000 975.392682
# 0.000000 983.790755 514.583028
# 0.000000 0.000000 1.000000

# distortion
# 0.069354 -0.110744 0.000816 0.005053 0.042516

# rectification
# 1.000000 0.000000 0.000000
# 0.000000 1.000000 0.000000
# 0.000000 0.000000 1.000000

# projection
# 927.047424 0.000000 991.920679 0.000000
# 0.000000 1000.498474 515.302320 0.000000
# 0.000000 0.000000 1.000000 0.000000


image_width: 1920
image_height: 1080
camera_name: head_camera
camera_matrix:
  rows: 3
  cols: 3
  data: [928.446524, 0.000000, 975.392682, 0.000000, 983.790755, 514.583028, 0, 0, 1]
distortion_model: plumb_bob
distortion_coefficients:
  rows: 1
  cols: 5
  data: [0.069354, -0.110744, 0.000816, 0.005053, 0.042516]
rectification_matrix:
  rows: 3
  cols: 3
  data: [1, 0, 0, 0, 1, 0, 0, 0, 1]
projection_matrix:
  rows: 3
  cols: 4
  data: [927.047424, 0.000000, 991.920679, 0.000000, 0.000000, 1000.498474, 515.302320, 0.000000, 0, 0, 1, 0]